[13055, Marseille, 850726, 798430, 800550, 874436, 908600, 889029, 778071]
[2A001, Afa, 2843, 2055, 1726, 1102, 667, 474, 435]
[2A004, Ajaccio, 65542, 52880, 58949, 54089, 49065, 43438, 33642]
[2A006, Alata, 2953, 2459, 2077, 1132, 452, 410, 391]
[2A008, Albitreccia, 1526, 867, 609, 456, 283, 248, 280]
[2A011, Altagène, 53, 41, 30, 45, 56, 63, 80]
[2A014, Ambiegna, 61, 43, 48, 59, 79, 89, 89]
[2A017, Appietto, 1528, 1149, 857, 623, 324, 319, 322]
[2A018, Arbellara, 141, 111, 120, 137, 153, 162, 169]
[2A019, Arbori, 61, 63, 62, 92, 122, 140, 148]
[2A021, Argiusta-Moriccio, 82, 77, 93, 105, 127, 137, 168]
[2A022, Arro, 76, 51, 41, 70, 86, 95, 99]
[2A024, Aullène, 182, 138, 149, 176, 246, 315, 334]
[2A026, Azilone-Ampaza, 142, 93, 77, 101, 129, 178, 211]
[2A027, Azzana, 49, 56, 54, 81, 149, 193, 200]
[2A028, Balogna, 126, 170, 160, 176, 196, 204, 207]
[2A031, Bastelica, 543, 460, 436, 766, 762, 774, 833]
[2A032, Bastelicaccia, 3283, 2769, 2072, 1504, 887, 779, 705]
[2A035, Belvédère-Campomoro, 163, 135, 128, 106, 82, 90, 118]
[2A038, Bilia, 46, 40, 41, 38, 40, 58, 71]
[2A040, Bocognano, 485, 343, 290, 315, 340, 404, 432]
[2A041, Bonifacio, 2955, 2658, 2683, 2736, 2693, 2431, 2418]
[2A048, Calcatoggio, 529, 356, 357, 332, 396, 422, 429]
[2A056, Campo, 84, 77, 65, 56, 130, 140, 146]
[2A060, Cannelle, 48, 32, 25, 21, 38, 53, 75]
[2A061, Carbini, 110, 100, 95, 125, 128, 148, 192]
[2A062, Carbuccia, 333, 254, 182, 180, 199, 223, 234]
[2A064, Cardo-Torgia, 37, 32, 29, 23, 51, 67, 71]
[2A065, Cargèse, 1161, 982, 915, 898, 889, 753, 665]
[2A066, Cargiaca, 58, 49, 69, 90, 100, 122, 124]
[2A070, Casaglione, 366, 292, 292, 257, 199, 206, 217]
[2A071, Casalabriva, 180, 181, 150, 136, 139, 162, 174]
[2A085, Cauro, 1287, 1060, 849, 595, 563, 559, 543]
[2A089, Ciamannacce, 138, 134, 93, 115, 132, 160, 144]
[2A090, Coggia, 833, 699, 538, 447, 284, 225, 246]
[2A091, Cognocoli-Monticchi, 183, 164, 173, 143, 143, 131, 148]
[2A092, Conca, 1069, 770, 783, 546, 481, 432, 399]
[2A094, Corrano, 86, 71, 60, 78, 99, 124, 135]
[2A098, Coti-Chiavari, 724, 490, 399, 340, 285, 270, 259]
[2A099, Cozzano, 271, 242, 283, 319, 414, 476, 485]
[2A100, Cristinacce, 60, 52, 49, 60, 88, 96, 123]
[2A103, Cuttoli-Corticchiato, 1911, 1473, 1085, 643, 465, 544, 573]
[2A104, Eccica-Suarella, 1030, 684, 570, 503, 329, 313, 330]
[2A108, Évisa, 190, 196, 257, 248, 312, 336, 401]
[2A114, Figari, 1276, 1005, 914, 1022, 834, 701, 690]
[2A115, Foce, 142, 110, 94, 82, 60, 51, 74]
[2A117, Forciolo, 72, 69, 56, 75, 106, 132, 140]
[2A118, Fozzano, 197, 195, 152, 182, 174, 150, 165]
[2A119, Frasseto, 124, 82, 67, 64, 129, 178, 234]
[2A127, Giuncheto, 86, 69, 46, 41, 53, 77, 79]
[2A128, Granace, 57, 61, 82, 107, 72, 93, 122]
[2A129, Grossa, 47, 38, 44, 58, 72, 78, 80]
[2A130, Grosseto-Prugna, 2601, 2152, 1943, 1542, 843, 444, 422]
[2A131, Guagno, 153, 139, 145, 242, 253, 269, 270]
[2A132, Guargualé, 123, 109, 69, 104, 146, 166, 187]
[2A133, Guitera-les-Bains, 117, 97, 81, 134, 148, 157, 177]
[2A139, Lecci, 1357, 706, 709, 678, 578, 484, 318]
[2A141, Letia, 105, 96, 122, 204, 252, 285, 312]
[2A142, Levie, 769, 696, 781, 752, 912, 1002, 1118]
[2A144, Lopigna, 105, 112, 109, 101, 149, 213, 254]
[2A146, Loreto-di-Tallano, 49, 35, 57, 70, 94, 101, 107]
[2A154, Marignana, 102, 101, 120, 90, 105, 150, 213]
[2A158, Mela, 30, 40, 30, 48, 51, 56, 59]
[2A160, Moca-Croce, 226, 221, 207, 211, 247, 254, 296]
[2A163, Monacia-d'Aullène, 464, 396, 412, 421, 353, 325, 342]
[2A174, Murzo, 83, 77, 81, 105, 117, 132, 152]
[2A181, Ocana, 536, 394, 296, 282, 308, 350, 359]
[2A186, Olivese, 259, 282, 283, 319, 300, 363, 435]
[2A189, Olmeto, 1222, 1115, 1019, 676, 730, 685, 619]
[2A191, Olmiccia, 106, 82, 84, 94, 73, 71, 104]
[2A196, Orto, 57, 54, 44, 89, 104, 122, 138]
[2A197, Osani, 110, 90, 103, 121, 175, 184, 190]
[2A198, Ota, 565, 452, 460, 408, 367, 444, 524]
[2A200, Palneca, 163, 156, 147, 204, 276, 378, 408]
[2A203, Partinello, 103, 89, 113, 127, 114, 111, 101]
[2A204, Pastricciola, 84, 81, 89, 115, 180, 249, 320]
[2A209, Peri, 1737, 1140, 924, 626, 507, 493, 487]
[2A211, Petreto-Bicchisano, 570, 549, 585, 643, 659, 747, 788]
[2A212, Piana, 455, 428, 500, 511, 513, 517, 535]
[2A215, Pianottoli-Caldarello, 887, 729, 653, 889, 794, 310, 313]
[2A228, Pietrosella, 1251, 1028, 864, 738, 350, 118, 101]
[2A232, Pila-Canale, 281, 278, 265, 305, 408, 488, 515]
[2A240, Poggiolo, 97, 95, 76, 93, 117, 120, 152]
[2A247, Porto-Vecchio, 11035, 10326, 9307, 8095, 7510, 5148, 4494]
[2A249, Propriano, 3399, 3166, 3217, 3098, 2950, 1846, 1530]
[2A253, Quasquara, 55, 50, 46, 56, 67, 71, 91]
[2A254, Quenza, 212, 215, 214, 229, 302, 307, 313]
[2A258, Renno, 69, 77, 84, 108, 152, 196, 261]
[2A259, Rezza, 58, 49, 50, 47, 48, 71, 88]
[2A262, Rosazia, 56, 81, 65, 71, 105, 124, 155]
[2A266, Salice, 71, 73, 77, 113, 164, 201, 186]
[2A268, Sampolo, 57, 52, 49, 82, 136, 154, 160]
[2A269, Sari-Solenzara, 1334, 1102, 1178, 1399, 1141, 915, 611]
[2A270, Sari-d'Orcino, 312, 259, 236, 218, 282, 301, 318]
[2A271, Sarrola-Carcopino, 2044, 1801, 1424, 812, 508, 534, 511]
[2A272, Sartène, 3259, 3410, 3525, 3044, 3761, 2913, 2805]
[2A276, Serra-di-Ferro, 473, 352, 327, 342, 334, 284, 277]
[2A278, Serra-di-Scopamène, 105, 120, 154, 237, 283, 299, 316]
[2A279, Serriera, 118, 106, 106, 111, 128, 136, 140]
[2A282, Soccia, 147, 121, 143, 172, 222, 284, 307]
[2A284, Sollacaro, 355, 326, 324, 290, 355, 448, 485]
[2A285, Sorbollano, 71, 69, 73, 63, 110, 114, 115]
[2A288, Sotta, 1025, 808, 762, 726, 683, 578, 535]
[2A295, Sant'Andréa-d'Orcino, 74, 71, 69, 76, 86, 103, 128]
[2A300, San-Gavino-di-Carbini, 1060, 738, 538, 381, 266, 301, 373]
[2A308, Sainte-Lucie-de-Tallano, 454, 392, 424, 362, 513, 626, 675]
[2A310, Santa-Maria-Figaniella, 81, 72, 58, 70, 89, 110, 125]
[2A312, Santa-Maria-Siché, 442, 357, 355, 439, 461, 537, 493]
[2A322, Tasso, 93, 97, 91, 122, 134, 137, 139]
[2A323, Tavaco, 281, 226, 171, 104, 61, 43, 70]
[2A324, Tavera, 389, 336, 249, 250, 267, 278, 288]
[2A326, Tolla, 117, 98, 85, 115, 185, 233, 297]
[2A330, Ucciani, 461, 389, 310, 285, 324, 393, 479]
[2A331, Urbalacone, 71, 68, 63, 71, 86, 104, 148]
[2A336, Valle-di-Mezzana, 314, 217, 233, 194, 87, 114, 163]
[2A345, Vero, 477, 351, 296, 241, 147, 261, 279]
[2A348, Vico, 885, 898, 921, 1312, 1484, 1186, 999]
[2A349, Viggianello, 635, 417, 365, 274, 239, 190, 190]
[2A351, Villanova, 349, 307, 240, 171, 127, 102, 124]
[2A357, Zérubia, 29, 29, 34, 27, 40, 50, 60]
[2A358, Zévaco, 61, 56, 57, 89, 91, 98, 105]
[2A359, Zicavo, 241, 237, 245, 269, 302, 404, 454]
[2A360, Zigliara, 141, 125, 142, 232, 229, 242, 260]
[2A362, Zonza, 2341, 1802, 1600, 1503, 1214, 835, 727]
[2A363, Zoza, 53, 51, 55, 67, 80, 84, 117]
[2B002, Aghione, 234, 245, 282, 317, 279, 93, 87]
[2B003, Aiti, 35, 24, 26, 16, 32, 59, 66]
[2B005, Alando, 28, 23, 15, 38, 42, 51, 50]
[2B007, Albertacce, 225, 200, 200, 323, 357, 373, 429]
[2B009, Aléria, 2067, 1966, 2022, 2410, 2885, 1913, 778]
[2B010, Algajola, 296, 216, 211, 228, 178, 129, 129]
[2B012, Altiani, 80, 95, 90, 100, 126, 126, 148]
[2B013, Alzi, 20, 17, 11, 17, 24, 39, 41]
[2B015, Ampriani, 15, 14, 31, 36, 41, 34, 44]
[2B016, Antisanti, 402, 418, 500, 661, 534, 486, 293]
[2B020, Aregno, 595, 567, 544, 547, 490, 359, 381]
[2B023, Asco, 125, 134, 96, 116, 171, 205, 215]
[2B025, Avapessa, 77, 65, 65, 57, 70, 73, 107]
[2B029, Barbaggio, 230, 164, 111, 78, 75, 73, 77]
[2B030, Barrettali, 148, 131, 138, 145, 186, 232, 234]
[2B033, Bastia, 43008, 37884, 37845, 44020, 42810, 38746, 31375]
[2B034, Belgodère, 482, 371, 331, 453, 367, 443, 489]
[2B036, Bigorno, 77, 78, 61, 100, 86, 116, 137]
[2B037, Biguglia, 7058, 5018, 4073, 2812, 1761, 905, 538]
[2B039, Bisinchi, 195, 173, 139, 205, 212, 278, 291]
[2B042, Borgo, 7646, 5002, 3773, 3413, 2650, 1600, 726]
[2B043, Brando, 1623, 1527, 1334, 1353, 1157, 1066, 967]
[2B045, Bustanico, 61, 77, 66, 75, 97, 123, 137]
[2B046, Cagnano, 195, 179, 156, 183, 239, 245, 253]
[2B047, Calacuccia, 307, 340, 331, 418, 507, 556, 594]
[2B049, Calenzana, 2168, 1722, 1535, 1623, 1478, 1061, 1050]
[2B050, Calvi, 5394, 5177, 4815, 3579, 3530, 2767, 2258]
[2B051, Cambia, 80, 79, 81, 80, 89, 116, 112]
[2B052, Campana, 24, 24, 36, 20, 33, 50, 73]
[2B053, Campi, 20, 28, 32, 40, 42, 78, 80]
[2B054, Campile, 183, 199, 196, 242, 232, 304, 386]
[2B055, Campitello, 110, 103, 91, 102, 119, 143, 161]
[2B057, Canale-di-Verde, 350, 335, 275, 356, 330, 215, 215]
[2B058, Canari, 321, 323, 291, 331, 358, 583, 633]
[2B059, Canavaggia, 106, 98, 77, 100, 111, 124, 142]
[2B063, Carcheto-Brustico, 27, 18, 19, 39, 44, 47, 62]
[2B067, Carpineto, 27, 11, 15, 29, 36, 71, 91]
[2B068, Carticasi, 33, 26, 18, 21, 55, 68, 92]
[2B069, Casabianca, 91, 68, 36, 57, 57, 72, 85]
[2B072, Casalta, 53, 37, 24, 35, 40, 70, 110]
[2B073, Casamaccioli, 102, 100, 91, 140, 172, 285, 304]
[2B074, Casanova, 348, 264, 195, 128, 125, 121, 128]
[2B075, Casevecchie, 67, 68, 87, 106, 94, 91, 90]
[2B077, Castellare-di-Casinca, 550, 498, 389, 360, 615, 404, 417]
[2B078, Castellare-di-Mercurio, 34, 25, 29, 38, 45, 90, 114]
[2B079, Castello-di-Rostino, 413, 277, 252, 274, 286, 320, 303]
[2B080, Castifao, 159, 152, 137, 223, 234, 266, 271]
[2B081, Castiglione, 34, 25, 22, 48, 67, 78, 80]
[2B082, Castineta, 54, 53, 31, 37, 45, 63, 74]
[2B083, Castirla, 192, 186, 145, 184, 206, 185, 185]
[2B084, Cateri, 214, 219, 210, 251, 191, 184, 184]
[2B086, Centuri, 218, 229, 201, 195, 243, 257, 257]
[2B087, Cervione, 1686, 1452, 1334, 1254, 1450, 1400, 1100]
[2B088, Chiatra, 210, 190, 162, 194, 206, 229, 229]
[2B093, Corbara, 963, 706, 583, 510, 366, 355, 314]
[2B095, Corscia, 168, 155, 156, 260, 276, 290, 326]
[2B096, Corte, 6915, 6329, 5693, 5177, 5230, 4948, 5066]
[2B097, Costa, 65, 48, 46, 69, 73, 90, 120]
[2B101, Croce, 84, 85, 78, 100, 97, 106, 109]
[2B102, Crocicchia, 47, 50, 62, 48, 58, 79, 99]
[2B105, Erbajolo, 105, 92, 90, 101, 137, 132, 162]
[2B106, Érone, 6, 8, 9, 23, 27, 32, 57]
[2B107, Ersa, 153, 132, 125, 113, 148, 236, 246]
[2B109, Farinole, 217, 179, 176, 148, 131, 121, 127]
[2B110, Favalello, 53, 47, 33, 27, 21, 20, 19]
[2B111, Felce, 50, 43, 33, 72, 75, 81, 100]
[2B112, Feliceto, 211, 162, 145, 145, 160, 181, 206]
[2B113, Ficaja, 50, 34, 48, 48, 54, 84, 116]
[2B116, Focicchia, 42, 30, 22, 34, 48, 54, 77]
[2B120, Furiani, 5273, 3902, 3286, 1323, 565, 414, 362]
[2B121, Galéria, 328, 302, 305, 306, 311, 350, 373]
[2B122, Gavignano, 46, 55, 51, 42, 43, 97, 107]
[2B123, Ghisonaccia, 3823, 3168, 3270, 3297, 3240, 2473, 1540]
[2B124, Ghisoni, 226, 267, 335, 385, 397, 664, 716]
[2B125, Giocatojo, 44, 49, 32, 41, 47, 69, 100]
[2B126, Giuncaggio, 64, 76, 76, 131, 138, 148, 139]
[2B134, L'Île-Rousse, 3201, 2774, 2288, 2632, 2360, 2036, 1678]
[2B135, Isolaccio-di-Fiumorbo, 382, 333, 346, 411, 332, 451, 550]
[2B136, Lama, 170, 130, 98, 120, 174, 237, 249]
[2B137, Lano, 24, 21, 20, 40, 49, 58, 72]
[2B138, Lavatoggio, 134, 97, 138, 116, 107, 89, 110]
[2B140, Lento, 116, 91, 76, 162, 143, 156, 207]
[2B143, Linguizzetta, 1042, 939, 755, 751, 1053, 758, 187]
[2B145, Loreto-di-Casinca, 254, 234, 225, 213, 255, 430, 432]
[2B147, Lozzi, 125, 132, 136, 230, 247, 348, 359]
[2B148, Lucciana, 4416, 3794, 3217, 2692, 2507, 1653, 799]
[2B149, Lugo-di-Nazza, 108, 103, 105, 100, 90, 105, 116]
[2B150, Lumio, 1255, 1040, 895, 747, 732, 473, 292]
[2B152, Luri, 680, 750, 671, 564, 540, 615, 622]
[2B153, Manso, 104, 106, 130, 175, 125, 79, 104]
[2B155, Matra, 49, 43, 63, 73, 72, 62, 98]
[2B156, Mausoléo, 16, 11, 14, 38, 49, 67, 70]
[2B157, Mazzola, 24, 22, 27, 36, 49, 61, 86]
[2B159, Meria, 96, 85, 76, 79, 111, 108, 107]
[2B161, Moïta, 82, 76, 121, 164, 200, 231, 247]
[2B162, Moltifao, 745, 549, 427, 434, 383, 437, 465]
[2B164, Monacia-d'Orezza, 32, 30, 22, 48, 50, 65, 111]
[2B165, Moncale, 256, 201, 170, 176, 162, 131, 190]
[2B166, Monte, 596, 444, 303, 241, 189, 207, 218]
[2B167, Montegrosso, 450, 354, 333, 319, 223, 337, 312]
[2B168, Monticello, 1686, 1253, 944, 500, 251, 237, 237]
[2B169, Morosaglia, 1083, 1008, 883, 854, 750, 694, 550]
[2B170, Morsiglia, 148, 123, 110, 119, 125, 137, 167]
[2B171, Muracciole, 49, 38, 40, 71, 87, 96, 118]
[2B172, Murato, 614, 555, 565, 533, 538, 538, 542]
[2B173, Muro, 254, 248, 276, 283, 323, 400, 426]
[2B175, Nessa, 109, 77, 91, 100, 98, 97, 97]
[2B176, Nocario, 59, 42, 33, 41, 70, 90, 110]
[2B177, Noceta, 58, 54, 53, 54, 84, 103, 107]
[2B178, Nonza, 70, 67, 86, 68, 71, 137, 213]
[2B179, Novale, 52, 69, 68, 89, 91, 96, 106]
[2B180, Novella, 91, 68, 55, 97, 110, 121, 184]
[2B182, Occhiatana, 175, 163, 165, 185, 178, 154, 179]
[2B183, Ogliastro, 103, 96, 78, 100, 146, 218, 230]
[2B184, Olcani, 80, 55, 65, 80, 96, 124, 144]
[2B185, Oletta, 1408, 830, 879, 892, 692, 619, 620]
[2B187, Olmeta-di-Capocorso, 141, 112, 104, 126, 175, 210, 217]
[2B188, Olmeta-di-Tuda, 355, 291, 247, 221, 150, 204, 217]
[2B190, Olmi-Cappella, 188, 143, 147, 202, 222, 234, 263]
[2B192, Olmo, 190, 168, 98, 142, 180, 281, 351]
[2B193, Omessa, 565, 537, 517, 509, 634, 634, 690]
[2B194, Ortale, 25, 25, 17, 55, 64, 84, 99]
[2B195, Ortiporio, 128, 113, 104, 100, 119, 167, 193]
[2B199, Palasca, 138, 117, 115, 85, 84, 72, 124]
[2B201, Pancheraccia, 163, 184, 187, 116, 125, 137, 150]
[2B202, Parata, 32, 27, 25, 35, 45, 50, 97]
[2B205, Patrimonio, 669, 645, 546, 447, 397, 393, 345]
[2B206, Penta-Acquatella, 41, 40, 37, 53, 71, 112, 112]
[2B207, Penta-di-Casinca, 3101, 2438, 1917, 1348, 861, 683, 546]
[2B208, Perelli, 107, 110, 102, 100, 114, 158, 187]
[2B210, Pero-Casevecchie, 122, 111, 106, 112, 158, 244, 278]
[2B213, Pianello, 72, 76, 83, 72, 86, 97, 123]
[2B214, Piano, 24, 36, 54, 75, 54, 64, 80]
[2B216, Piazzali, 16, 13, 11, 33, 38, 39, 56]
[2B217, Piazzole, 47, 43, 31, 37, 39, 47, 81]
[2B218, Piedicorte-di-Gaggio, 116, 127, 129, 135, 182, 194, 204]
[2B219, Piedicroce, 134, 117, 91, 164, 172, 212, 232]
[2B220, Piedigriggio, 141, 124, 99, 119, 102, 108, 127]
[2B221, Piedipartino, 14, 19, 12, 9, 27, 36, 52]
[2B222, Pie-d'Orezza, 37, 25, 39, 43, 55, 58, 68]
[2B223, Pietralba, 438, 314, 244, 340, 368, 384, 405]
[2B224, Pietracorbara, 591, 433, 363, 229, 234, 270, 242]
[2B225, Pietra-di-Verde, 116, 115, 95, 79, 129, 196, 213]
[2B226, Pietraserena, 75, 80, 92, 131, 134, 138, 156]
[2B227, Pietricaggio, 38, 54, 75, 100, 117, 124, 134]
[2B229, Pietroso, 243, 287, 309, 277, 271, 263, 261]
[2B230, Piève, 119, 85, 75, 61, 61, 61, 80]
[2B231, Pigna, 99, 95, 92, 110, 101, 60, 60]
[2B233, Pino, 166, 150, 143, 137, 200, 269, 273]
[2B234, Piobetta, 23, 30, 40, 56, 60, 70, 97]
[2B235, Pioggiola, 89, 69, 49, 34, 79, 83, 119]
[2B236, Poggio-di-Nazza, 186, 185, 165, 224, 288, 305, 322]
[2B238, Poggio-di-Venaco, 197, 136, 95, 132, 167, 176, 208]
[2B239, Poggio-d'Oletta, 200, 140, 109, 125, 142, 155, 159]
[2B241, Poggio-Marinaccio, 30, 16, 22, 31, 38, 44, 55]
[2B242, Poggio-Mezzana, 650, 403, 360, 287, 237, 194, 189]
[2B243, Polveroso, 40, 22, 21, 35, 38, 61, 70]
[2B244, Popolasca, 50, 36, 31, 39, 43, 59, 59]
[2B245, Porri, 56, 47, 34, 36, 74, 84, 129]
[2B246, La Porta, 221, 196, 248, 422, 382, 358, 401]
[2B248, Prato-di-Giovellina, 48, 40, 39, 47, 54, 57, 73]
[2B250, Prunelli-di-Casacconi, 166, 162, 146, 183, 184, 198, 220]
[2B251, Prunelli-di-Fiumorbo, 3410, 2745, 2647, 2339, 1608, 1536, 1186]
[2B252, Pruno, 188, 182, 129, 145, 157, 245, 260]
[2B255, Quercitello, 55, 40, 37, 53, 87, 126, 126]
[2B256, Rapaggio, 20, 10, 14, 31, 27, 40, 61]
[2B257, Rapale, 152, 131, 102, 108, 116, 122, 150]
[2B260, Riventosa, 169, 188, 135, 121, 97, 108, 113]
[2B261, Rogliano, 559, 458, 480, 508, 495, 535, 552]
[2B263, Rospigliani, 88, 78, 62, 72, 95, 121, 122]
[2B264, Rusio, 77, 66, 57, 83, 100, 108, 99]
[2B265, Rutali, 347, 247, 222, 181, 194, 198, 218]
[2B267, Saliceto, 66, 47, 52, 69, 71, 85, 98]
[2B273, Scata, 44, 44, 32, 45, 59, 116, 129]
[2B274, Scolca, 100, 62, 35, 56, 68, 77, 93]
[2B275, Sermano, 73, 76, 63, 76, 85, 90, 108]
[2B277, Serra-di-Fiumorbo, 318, 256, 205, 201, 214, 292, 318]
[2B280, Silvareccio, 116, 97, 77, 73, 98, 173, 184]
[2B281, Sisco, 988, 743, 616, 514, 501, 497, 485]
[2B283, Solaro, 662, 583, 476, 477, 309, 291, 310]
[2B286, Sorbo-Ocagnano, 772, 716, 492, 440, 441, 546, 452]
[2B287, Sorio, 146, 148, 126, 118, 141, 165, 176]
[2B289, Soveria, 135, 68, 59, 55, 55, 70, 69]
[2B290, Speloncato, 285, 222, 194, 191, 179, 150, 169]
[2B291, Stazzona, 41, 33, 35, 50, 57, 82, 82]
[2B292, Sant'Andréa-di-Bozio, 85, 76, 63, 104, 106, 122, 148]
[2B293, Sant'Andréa-di-Cotone, 231, 167, 182, 127, 160, 209, 264]
[2B296, Sant'Antonino, 94, 77, 60, 79, 113, 121, 133]
[2B297, San-Damiano, 45, 38, 34, 58, 65, 71, 105]
[2B298, Saint-Florent, 1635, 1474, 1350, 1217, 1065, 805, 611]
[2B299, San-Gavino-d'Ampugnani, 85, 79, 56, 111, 94, 104, 137]
[2B301, San-Gavino-di-Tenda, 54, 56, 47, 70, 86, 97, 140]
[2B302, San-Giovanni-di-Moriani, 102, 85, 73, 75, 112, 157, 206]
[2B303, San-Giuliano, 616, 608, 593, 542, 500, 461, 252]
[2B304, San-Lorenzo, 145, 106, 91, 159, 153, 215, 236]
[2B305, San-Martino-di-Lota, 2764, 2530, 2466, 2183, 2132, 1649, 931]
[2B306, Santa-Lucia-di-Mercurio, 92, 69, 66, 100, 104, 170, 178]
[2B307, Santa-Lucia-di-Moriani, 1138, 1003, 772, 543, 291, 235, 234]
[2B309, Santa-Maria-di-Lota, 1937, 1791, 1826, 1566, 1583, 987, 538]
[2B311, Santa-Maria-Poggio, 623, 629, 600, 456, 309, 222, 222]
[2B313, San-Nicolao, 1764, 1316, 1061, 867, 731, 682, 573]
[2B314, Santo-Pietro-di-Tenda, 355, 332, 291, 286, 316, 540, 557]
[2B315, Santo-Pietro-di-Venaco, 239, 198, 166, 168, 126, 165, 227]
[2B316, Santa-Reparata-di-Balagna, 984, 838, 784, 643, 539, 477, 439]
[2B317, Santa-Reparata-di-Moriani, 42, 43, 37, 51, 83, 130, 143]
[2B318, Taglio-Isolaccio, 552, 535, 526, 364, 383, 420, 427]
[2B319, Talasani, 657, 516, 394, 218, 226, 236, 263]
[2B320, Tallone, 314, 302, 469, 474, 637, 433, 215]
[2B321, Tarrano, 14, 27, 23, 16, 41, 121, 136]
[2B327, Tomino, 206, 186, 193, 178, 147, 130, 156]
[2B328, Tox, 93, 142, 169, 180, 148, 146, 158]
[2B329, Tralonca, 92, 64, 48, 74, 73, 92, 127]
[2B332, Urtaca, 186, 172, 155, 178, 198, 220, 220]
[2B333, Vallecalle, 111, 109, 95, 100, 126, 149, 158]
[2B334, Valle-d'Alesani, 137, 124, 142, 192, 213, 250, 288]
[2B335, Valle-di-Campoloro, 331, 263, 253, 174, 163, 146, 171]
[2B337, Valle-di-Rostino, 121, 83, 83, 108, 115, 131, 153]
[2B338, Valle-d'Orezza, 44, 49, 50, 65, 71, 91, 129]
[2B339, Vallica, 30, 27, 41, 45, 55, 66, 70]
[2B340, Velone-Orneto, 112, 113, 109, 113, 124, 178, 198]
[2B341, Venaco, 765, 657, 614, 747, 715, 886, 851]
[2B342, Ventiseri, 2273, 2023, 2005, 1702, 1280, 1314, 1029]
[2B343, Venzolasca, 1666, 1333, 1162, 1032, 924, 863, 776]
[2B344, Verdèse, 38, 18, 11, 35, 44, 75, 99]
[2B346, Vescovato, 2458, 2316, 2329, 2129, 2040, 1509, 1056]
[2B347, Vezzani, 321, 300, 336, 412, 408, 451, 408]
[2B350, Vignale, 174, 165, 176, 200, 210, 213, 218]
[2B352, Ville-di-Paraso, 179, 128, 168, 172, 175, 197, 225]
[2B353, Ville-di-Pietrabugno, 3446, 2950, 2950, 2827, 1735, 1562, 642]
[2B354, Vivario, 516, 509, 493, 624, 703, 603, 617]
[2B355, Volpajola, 454, 366, 275, 281, 460, 492, 505]
[2B356, Zalana, 154, 128, 172, 164, 210, 243, 276]
[2B361, Zilia, 266, 212, 179, 237, 253, 311, 320]
[2B364, Zuani, 35, 51, 40, 100, 96, 95, 96]
[2B365, San-Gavino-di-Fiumorbo, 174, 209, 207, 279, 293, 301, 280]
[2B366, Chisa, 100, 97, 88, 56, 78, 115, 124]
[50520, Saint-Martin-le-Hébert, 136, 169, 176, 126, 125, 138, 140]
[54602, Han-devant-Pierrepont, 133, 115, 121, 118, 105, 141, 169]
[55039, Beaumont-en-Verdunois, 0, 0, 0, 0, 0, 0, 0]
[55050, Bezonvaux, 0, 0, 0, 0, 0, 0, 0]
[55239, Haumont-près-Samogneux, 0, 0, 0, 0, 0, 0, 0]
[55307, Louvemont-Côte-du-Poivre, 0, 0, 0, 0, 0, 0, 0]
[69123, Lyon, 484344, 445452, 415487, 413095, 456716, 527800, 535746]
[75056, Paris, 2243833, 2125246, 2152423, 2176243, 2299830, 2590771, 2790091]